1 +1 1
2 +2 3
3 +3 6
4 +3 9
5 +5 14
6 +4 18
7 +7 25
8 +5 30
9 +6 36
10 +6 42
11 +11 53
12 +6 59
13 +13 72
14 +8 80
15 +9 89
16 +8 97
17 +17 114
18 +9 123
19 +19 142
20 +10 152
21 +12 164
22 +12 176
23 +23 199
24 +10 209
25 +16 225
26 +14 239
27 +15 254
28 +13 267
29 +29 296
30 +12 308
31 +31 339
32 +15 354
33 +18 372
34 +18 390
35 +20 410
36 +13 423
37 +37 460
38 +20 480
39 +21 501
40 +16 517
41 +41 558
42 +17 575
43 +43 618
44 +20 638
45 +21 659
46 +24 683
47 +47 730
48 +17 747
49 +31 778
50 +22 800
51 +27 827
52 +23 850
53 +53 903
54 +22 925
55 +31 956
56 +22 978
57 +30 1008
58 +30 1038
59 +59 1097
60 +19 1116
61 +61 1177
62 +32 1209
63 +28 1237
64 +26 1263
65 +36 1299
66 +26 1325
67 +67 1392
68 +30 1422
69 +36 1458
70 +26 1484
71 +71 1555
72 +23 1578
73 +73 1651
74 +38 1689
75 +34 1723
76 +33 1756
77 +45 1801
78 +31 1832
79 +79 1911
80 +28 1939
81 +38 1977
82 +42 2019
83 +83 2102
84 +29 2131
85 +47 2178
86 +44 2222
87 +45 2267
88 +34 2301
89 +89 2390
90 +28 2418
91 +52 2470
92 +40 2510
93 +48 2558
94 +48 2606
95 +51 2657
96 +30 2687
97 +97 2784
98 +41 2825
99 +44 2869
100 +37 2906
101 +101 3007
102 +39 3046
103 +103 3149
104 +40 3189
105 +41 3230
106 +54 3284
107 +107 3391
108 +34 3425
109 +109 3534
110 +43 3577
111 +57 3634
112 +41 3675
113 +113 3788
114 +44 3832
115 +62 3894
116 +50 3944
117 +51 3995
118 +60 4055
119 +66 4121
120 +34 4155
121 +79 4234
122 +62 4296
123 +63 4359
124 +53 4412
125 +67 4479
126 +40 4519
127 +127 4646
128 +49 4695
129 +66 4761
130 +48 4809
131 +131 4940
132 +41 4981
133 +73 5054
134 +68 5122
135 +52 5174
136 +51 5225
137 +137 5362
138 +53 5415
139 +139 5554
140 +46 5600
141 +72 5672
142 +72 5744
143 +87 5831
144 +40 5871
145 +78 5949
146 +74 6023
147 +63 6086
148 +63 6149
149 +149 6298
150 +45 6343
151 +151 6494
152 +57 6551
153 +67 6618
154 +55 6673
155 +82 6755
156 +50 6805
157 +157 6962
158 +80 7042
159 +81 7123
160 +51 7174
161 +87 7261
162 +56 7317
163 +163 7480
164 +70 7550
165 +62 7612
166 +84 7696
167 +167 7863
168 +46 7909
169 +110 8019
170 +63 8082
171 +74 8156
172 +73 8229
173 +173 8402
174 +66 8468
175 +80 8548
176 +60 8608
177 +90 8698
178 +90 8788
179 +179 8967
180 +47 9014
181 +181 9195
182 +67 9262
183 +93 9355
184 +68 9423
185 +98 9521
186 +70 9591
187 +110 9701
188 +80 9781
189 +71 9852
190 +71 9923
191 +191 10114
192 +56 10170
193 +193 10363
194 +98 10461
195 +75 10536
196 +71 10607
197 +197 10804
198 +64 10868
199 +199 11067
200 +64 11131
201 +102 11233
202 +102 11335
203 +111 11446
204 +64 11510
205 +109 11619
206 +104 11723
207 +89 11812
208 +70 11882
209 +120 12002
210 +57 12059
211 +211 12270
212 +90 12360
213 +108 12468
214 +108 12576
215 +113 12689
216 +59 12748
217 +118 12866
218 +110 12976
219 +111 13087
220 +72 13159
221 +134 13293
222 +83 13376
223 +223 13599
224 +71 13670
225 +80 13750
226 +114 13864
227 +227 14091
228 +68 14159
229 +229 14388
230 +85 14473
231 +87 14560
232 +87 14647
233 +233 14880
234 +72 14952
235 +124 15076
236 +100 15176
237 +120 15296
238 +88 15384
239 +239 15623
240 +59 15682
241 +241 15923
242 +100 16023
243 +105 16128
244 +103 16231
245 +111 16342
246 +92 16434
247 +145 16579
248 +92 16671
249 +126 16797
250 +92 16889
251 +251 17140
252 +65 17205
253 +144 17349
254 +128 17477
255 +100 17577
256 +91 17668
257 +257 17925
258 +97 18022
259 +142 18164
260 +82 18246
261 +111 18357
262 +132 18489
263 +263 18752
264 +71 18823
265 +140 18963
266 +97 19060
267 +135 19195
268 +113 19308
269 +269 19577
270 +72 19649
271 +271 19920
272 +95 20015
273 +103 20118
274 +138 20256
275 +121 20377
276 +85 20462
277 +277 20739
278 +140 20879
279 +119 20998
280 +77 21075
281 +281 21356
282 +105 21461
283 +283 21744
284 +120 21864
285 +111 21975
286 +106 22081
287 +156 22237
288 +74 22311
289 +192 22503
290 +107 22610
291 +147 22757
292 +123 22880
293 +293 23173
294 +94 23267
295 +155 23422
296 +110 23532
297 +115 23647
298 +150 23797
299 +175 23972
300 +75 24047
301 +163 24210
302 +152 24362
303 +153 24515
304 +102 24617
305 +160 24777
306 +94 24871
307 +307 25178
308 +95 25273
309 +156 25429
310 +112 25541
311 +311 25852
312 +88 25940
313 +313 26253
314 +158 26411
315 +99 26510
316 +133 26643
317 +317 26960
318 +119 27079
319 +182 27261
320 +93 27354
321 +162 27516
322 +115 27631
323 +203 27834
324 +87 27921
325 +144 28065
326 +164 28229
327 +165 28394
328 +121 28515
329 +177 28692
330 +90 28782
331 +331 29113
332 +140 29253
333 +141 29394
334 +168 29562
335 +175 29737
336 +84 29821
337 +337 30158
338 +138 30296
339 +171 30467
340 +104 30571
341 +193 30764
342 +108 30872
343 +184 31056
344 +127 31183
345 +129 31312
346 +174 31486
347 +347 31833
348 +106 31939
349 +349 32288
350 +104 32392
351 +129 32521
352 +109 32630
353 +353 32983
354 +132 33115
355 +186 33301
356 +150 33451
357 +130 33581
358 +180 33761
359 +359 34120
360 +81 34201
361 +238 34439
362 +182 34621
363 +153 34774
364 +117 34891
365 +191 35082
366 +136 35218
367 +367 35585
368 +124 35709
369 +156 35865
370 +135 36000
371 +198 36198
372 +113 36311
373 +373 36684
374 +133 36817
375 +142 36959
376 +137 37096
377 +219 37315
378 +105 37420
379 +379 37799
380 +120 37919
381 +192 38111
382 +192 38303
383 +383 38686
384 +105 38791
385 +154 38945
386 +194 39139
387 +164 39303
388 +163 39466
389 +389 39855
390 +102 39957
391 +236 40193
392 +119 40312
393 +198 40510
394 +198 40708
395 +206 40914
396 +99 41013
397 +397 41410
398 +200 41610
399 +151 41761
400 +111 41872
401 +401 42273
402 +149 42422
403 +231 42653
404 +170 42823
405 +139 42962
406 +146 43108
407 +231 43339
408 +109 43448
409 +409 43857
410 +150 44007
411 +207 44214
412 +173 44387
413 +222 44609
414 +128 44737
415 +217 44954
416 +128 45082
417 +210 45292
418 +151 45443
419 +419 45862
420 +95 45957
421 +421 46378
422 +212 46590
423 +178 46768
424 +155 46923
425 +185 47108
426 +158 47266
427 +229 47495
428 +180 47675
429 +162 47837
430 +154 47991
431 +431 48422
432 +106 48528
433 +433 48961
434 +155 49116
435 +165 49281
436 +183 49464
437 +271 49735
438 +163 49898
439 +439 50337
440 +125 50462
441 +152 50614
442 +159 50773
443 +443 51216
444 +137 51353
445 +233 51586
446 +224 51810
447 +225 52035
448 +133 52168
449 +449 52617
450 +113 52730
451 +254 52984
452 +190 53174
453 +228 53402
454 +228 53630
455 +181 53811
456 +118 53929
457 +457 54386
458 +230 54616
459 +173 54789
460 +145 54934
461 +461 55395
462 +127 55522
463 +463 55985
464 +158 56143
465 +174 56317
466 +234 56551
467 +467 57018
468 +120 57138
469 +253 57391
470 +170 57561
471 +237 57798
472 +173 57971
473 +262 58233
474 +176 58409
475 +209 58618
476 +148 58766
477 +201 58967
478 +240 59207
479 +479 59686
480 +108 59794
481 +279 60073
482 +242 60315
483 +185 60500
484 +167 60667
485 +253 60920
486 +150 61070
487 +487 61557
488 +179 61736
489 +246 61982
490 +145 62127
491 +491 62618
492 +150 62768
493 +297 63065
494 +175 63240
495 +156 63396
496 +169 63565
497 +267 63832
498 +185 64017
499 +499 64516
500 +157 64673
501 +252 64925
502 +252 65177
503 +503 65680
504 +113 65793
505 +264 66057
506 +189 66246
507 +211 66457
508 +213 66670
509 +509 67179
510 +138 67317
511 +274 67591
512 +174 67765
513 +192 67957
514 +258 68215
515 +268 68483
516 +155 68638
517 +285 68923
518 +185 69108
519 +261 69369
520 +140 69509
521 +521 70030
522 +161 70191
523 +523 70714
524 +220 70934
525 +161 71095
526 +264 71359
527 +313 71672
528 +126 71798
529 +353 72151
530 +192 72343
531 +224 72567
532 +164 72731
533 +304 73035
534 +198 73233
535 +279 73512
536 +197 73709
537 +270 73979
538 +270 74249
539 +247 74496
540 +119 74615
541 +541 75156
542 +272 75428
543 +273 75701
544 +176 75877
545 +284 76161
546 +150 76311
547 +547 76858
548 +230 77088
549 +230 77318
550 +172 77490
551 +336 77826
552 +144 77970
553 +295 78265
554 +278 78543
555 +205 78748
556 +233 78981
557 +557 79538
558 +169 79707
559 +314 80021
560 +137 80158
561 +208 80366
562 +282 80648
563 +563 81211
564 +171 81382
565 +295 81677
566 +284 81961
567 +195 82156
568 +207 82363
569 +569 82932
570 +147 83079
571 +571 83650
572 +177 83827
573 +288 84115
574 +205 84320
575 +259 84579
576 +135 84714
577 +577 85291
578 +234 85525
579 +291 85816
580 +181 85997
581 +309 86306
582 +215 86521
583 +324 86845
584 +213 87058
585 +183 87241
586 +294 87535
587 +587 88122
588 +152 88274
589 +353 88627
590 +213 88840
591 +297 89137
592 +198 89335
593 +593 89928
594 +162 90090
595 +228 90318
596 +250 90568
597 +300 90868
598 +216 91084
599 +599 91683
600 +133 91816
601 +601 92417
602 +215 92632
603 +253 92885
604 +253 93138
605 +267 93405
606 +224 93629
607 +607 94236
608 +189 94425
609 +224 94649
610 +220 94869
611 +342 95211
612 +154 95365
613 +613 95978
614 +308 96286
615 +230 96516
616 +165 96681
617 +617 97298
618 +229 97527
619 +619 98146
620 +190 98336
621 +231 98567
622 +312 98879
623 +333 99212
624 +155 99367
625 +294 99661
626 +314 99975
627 +230 100205
628 +263 100468
629 +374 100842
630 +144 100986
631 +631 101617
632 +231 101848
633 +318 102166
634 +318 102484
635 +330 102814
636 +191 103005
637 +291 103296
638 +231 103527
639 +268 103795
640 +171 103966
641 +641 104607
642 +237 104844
643 +643 105487
644 +198 105685
645 +241 105926
646 +243 106169
647 +647 106816
648 +157 106973
649 +361 107334
650 +202 107536
651 +241 107777
652 +273 108050
653 +653 108703
654 +242 108945
655 +341 109286
656 +218 109504
657 +277 109781
658 +233 110014
659 +659 110673
660 +148 110821
661 +661 111482
662 +332 111814
663 +244 112058
664 +242 112300
665 +259 112559
666 +202 112761
667 +421 113182
668 +280 113462
669 +336 113798
670 +241 114039
671 +372 114411
672 +153 114564
673 +673 115237
674 +338 115575
675 +214 115789
676 +233 116022
677 +677 116699
678 +251 116950
679 +364 117314
680 +183 117497
681 +342 117839
682 +243 118082
683 +683 118765
684 +173 118938
685 +357 119295
686 +243 119538
687 +345 119883
688 +230 120113
689 +387 120500
690 +177 120677
691 +691 121368
692 +290 121658
693 +219 121877
694 +348 122225
695 +361 122586
696 +185 122771
697 +410 123181
698 +350 123531
699 +351 123882
700 +179 124061
701 +701 124762
702 +186 124948
703 +428 125376
704 +205 125581
705 +262 125843
706 +354 126197
707 +378 126575
708 +214 126789
709 +709 127498
710 +256 127754
711 +299 128053
712 +259 128312
713 +440 128752
714 +193 128945
715 +287 129232
716 +300 129532
717 +360 129892
718 +360 130252
719 +719 130971
720 +147 131118
721 +385 131503
722 +291 131794
723 +363 132157
724 +303 132460
725 +328 132788
726 +223 133011
727 +727 133738
728 +199 133937
729 +285 134222
730 +262 134484
731 +425 134909
732 +221 135130
733 +733 135863
734 +368 136231
735 +224 136455
736 +223 136678
737 +410 137088
738 +223 137311
739 +739 138050
740 +226 138276
741 +270 138546
742 +264 138810
743 +743 139553
744 +198 139751
745 +388 140139
746 +374 140513
747 +314 140827
748 +226 141053
749 +399 141452
750 +189 141641
751 +751 142392
752 +249 142641
753 +378 143019
754 +280 143299
755 +392 143691
756 +168 143859
757 +757 144616
758 +380 144996
759 +276 145272
760 +210 145482
761 +761 146243
762 +281 146524
763 +406 146930
764 +320 147250
765 +250 147500
766 +384 147884
767 +432 148316
768 +194 148510
769 +769 149279
770 +201 149480
771 +387 149867
772 +323 150190
773 +773 150963
774 +233 151196
775 +344 151540
776 +282 151822
777 +286 152108
778 +390 152498
779 +465 152963
780 +171 153134
781 +434 153568
782 +280 153848
783 +301 154149
784 +221 154370
785 +408 154778
786 +290 155068
787 +787 155855
788 +330 156185
789 +396 156581
790 +282 156863
791 +420 157283
792 +175 157458
793 +445 157903
794 +398 158301
795 +295 158596
796 +333 158929
797 +797 159726
798 +221 159947
799 +462 160409
800 +202 160611
801 +336 160947
802 +402 161349
803 +444 161793
804 +243 162036
805 +311 162347
806 +289 162636
807 +405 163041
808 +293 163334
809 +809 164143
810 +190 164333
811 +811 165144
812 +256 165400
813 +408 165808
814 +290 166098
815 +423 166521
816 +200 166721
817 +481 167202
818 +410 167612
819 +250 167862
820 +253 168115
821 +821 168936
822 +303 169239
823 +823 170062
824 +300 170362
825 +247 170609
826 +292 170901
827 +827 171728
828 +205 171933
829 +829 172762
830 +299 173061
831 +417 173478
832 +237 173715
833 +367 174082
834 +308 174390
835 +434 174824
836 +255 175079
837 +314 175393
838 +420 175813
839 +839 176652
840 +168 176820
841 +574 177394
842 +422 177816
843 +423 178239
844 +353 178592
845 +365 178957
846 +250 179207
847 +392 179599
848 +282 179881
849 +426 180307
850 +250 180557
851 +522 181079
852 +256 181335
853 +853 182188
854 +303 182491
855 +267 182758
856 +311 183069
857 +857 183926
858 +233 184159
859 +859 185018
860 +266 185284
861 +318 185602
862 +432 186034
863 +863 186897
864 +193 187090
865 +450 187540
866 +434 187974
867 +361 188335
868 +270 188605
869 +479 189084
870 +225 189309
871 +489 189798
872 +318 190116
873 +366 190482
874 +318 190800
875 +337 191137
876 +263 191400
877 +877 192277
878 +440 192717
879 +441 193158
880 +224 193382
881 +881 194263
882 +221 194484
883 +883 195367
884 +266 195633
885 +327 195960
886 +444 196404
887 +887 197291
888 +232 197523
889 +475 197998
890 +320 198318
891 +307 198625
892 +373 198998
893 +520 199518
894 +330 199848
895 +465 200313
896 +251 200564
897 +328 200892
898 +450 201342
899 +594 201936
900 +188 202124
901 +522 202646
902 +325 202971
903 +334 203305
904 +329 203634
905 +470 204104
906 +334 204438
907 +907 205345
908 +380 205725
909 +381 206106
910 +238 206344
911 +911 207255
912 +215 207470
913 +505 207975
914 +458 208433
915 +340 208773
916 +383 209156
917 +489 209645
918 +247 209892
919 +919 210811
920 +251 211062
921 +462 211524
922 +462 211986
923 +515 212501
924 +206 212707
925 +405 213112
926 +464 213576
927 +388 213964
928 +283 214247
929 +929 215176
930 +242 215418
931 +412 215830
932 +390 216220
933 +468 216688
934 +468 217156
935 +361 217517
936 +212 217729
937 +937 218666
938 +331 218997
939 +471 219468
940 +286 219754
941 +941 220695
942 +347 221042
943 +576 221618
944 +313 221931
945 +256 222187
946 +340 222527
947 +947 223474
948 +285 223759
949 +528 224287
950 +288 224575
951 +477 225052
952 +258 225310
953 +953 226263
954 +289 226552
955 +496 227048
956 +400 227448
957 +350 227798
958 +480 228278
959 +510 228788
960 +199 228987
961 +653 229640
962 +344 229984
963 +403 230387
964 +403 230790
965 +501 231291
966 +266 231557
967 +967 232524
968 +293 232817
969 +373 233190
970 +347 233537
971 +971 234508
972 +238 234746
973 +517 235263
974 +488 235751
975 +301 236052
976 +326 236378
977 +977 237355
978 +361 237716
979 +540 238256
980 +246 238502
981 +410 238912
982 +492 239404
983 +983 240387
984 +255 240642
985 +512 241154
986 +353 241507
987 +364 241871
988 +297 242168
989 +598 242766
990 +219 242985
991 +991 243976
992 +311 244287
993 +498 244785
994 +348 245133
995 +516 245649
996 +299 245948
997 +997 246945
998 +500 247445
999 +369 247814
1000 +269 248083
1001 +427 248510
1002 +369 248879
1003 +578 249457
1004 +420 249877
1005 +373 250250
1006 +504 250754
1007 +588 251342
1008 +202 251544
1009 +1009 252553
1010 +363 252916
1011 +507 253423
1012 +326 253749
1013 +1013 254762
1014 +306 255068
1015 +392 255460
1016 +369 255829
1017 +425 256254
1018 +510 256764
1019 +1019 257783
1020 +220 258003
1021 +1021 259024
1022 +360 259384
1023 +383 259767
1024 +328 260095
1025 +446 260541
1026 +282 260823
1027 +571 261394
1028 +430 261824
1029 +376 262200
1030 +369 262569
1031 +1031 263600
1032 +266 263866
1033 +1033 264899
1034 +367 265266
1035 +322 265588
1036 +317 265905
1037 +594 266499
1038 +383 266882
1039 +1039 267921
1040 +247 268168
1041 +522 268690
1042 +522 269212
1043 +555 269767
1044 +253 270020
1045 +401 270421
1046 +524 270945
1047 +525 271470
1048 +380 271850
1049 +1049 272899
1050 +230 273129
1051 +1051 274180
1052 +440 274620
1053 +349 274969
1054 +379 275348
1055 +547 275895
1056 +237 276132
1057 +562 276694
1058 +428 277122
1059 +531 277653
1060 +325 277978
1061 +1061 279039
1062 +320 279359
1063 +1063 280422
1064 +281 280703
1065 +397 281100
1066 +383 281483
1067 +592 282075
1068 +323 282398
1069 +1069 283467
1070 +383 283850
1071 +329 284179
1072 +358 284537
1073 +685 285222
1074 +396 285618
1075 +465 286083
1076 +450 286533
1077 +540 287073
1078 +313 287386
1079 +598 287984
1080 +215 288199
1081 +649 288848
1082 +542 289390
1083 +447 289837
1084 +453 290290
1085 +428 290718
1086 +400 291118
1087 +1087 292205
1088 +331 292536
1089 +388 292924
1090 +391 293315
1091 +1091 294406
1092 +252 294658
1093 +1093 295751
1094 +548 296299
1095 +407 296706
1096 +398 297104
1097 +1097 298201
1098 +330 298531
1099 +586 299117
1100 +292 299409
1101 +552 299961
1102 +391 300352
1103 +1103 301455
1104 +264 301719
1105 +435 302154
1106 +390 302544
1107 +406 302950
1108 +463 303413
1109 +1109 304522
1110 +289 304811
1111 +619 305430
1112 +404 305834
1113 +406 306240
1114 +558 306798
1115 +578 307376
1116 +269 307645
1117 +1117 308762
1118 +396 309158
1119 +561 309719
1120 +254 309973
1121 +654 310627
1122 +305 310932
1123 +1123 312055
1124 +470 312525
1125 +351 312876
1126 +564 313440
1127 +495 313935
1128 +296 314231
1129 +1129 315360
1130 +405 315765
1131 +410 316175
1132 +473 316648
1133 +627 317275
1134 +282 317557
1135 +589 318146
1136 +376 318522
1137 +570 319092
1138 +570 319662
1139 +655 320317
1140 +242 320559
1141 +607 321166
1142 +572 321738
1143 +478 322216
1144 +306 322522
1145 +594 323116
1146 +422 323538
1147 +745 324283
1148 +353 324636
1149 +576 325212
1150 +354 325566
1151 +1151 326717
1152 +252 326969
1153 +1153 328122
1154 +578 328700
1155 +309 329009
1156 +394 329403
1157 +643 330046
1158 +427 330473
1159 +671 331144
1160 +311 331455
1161 +424 331879
1162 +405 332284
1163 +1163 333447
1164 +351 333798
1165 +605 334403
1166 +416 334819
1167 +585 335404
1168 +388 335792
1169 +621 336413
1170 +255 336668
1171 +1171 337839
1172 +490 338329
1173 +430 338759
1174 +588 339347
1175 +510 339857
1176 +259 340116
1177 +650 340766
1178 +415 341181
1179 +492 341673
1180 +361 342034
1181 +1181 343215
1182 +435 343650
1183 +542 344192
1184 +368 344560
1185 +440 345000
1186 +594 345594
1187 +1187 346781
1188 +258 347039
1189 +746 347785
1190 +319 348104
1191 +597 348701
1192 +432 349133
1193 +1193 350326
1194 +440 350766
1195 +620 351386
1196 +368 351754
1197 +373 352127
1198 +600 352727
1199 +660 353387
1200 +243 353630
1201 +1201 354831
1202 +602 355433
1203 +603 356036
1204 +370 356406
1205 +625 357031
1206 +361 357392
1207 +690 358082
1208 +438 358520
1209 +438 358958
1210 +378 359336
1211 +642 359978
1212 +364 360342
1213 +1213 361555
1214 +608 362163
1215 +374 362537
1216 +350 362887
1217 +1217 364104
1218 +327 364431
1219 +726 365157
1220 +373 365530
1221 +459 365989
1222 +434 366423
1223 +1223 367646
1224 +273 367919
1225 +448 368367
1226 +614 368981
1227 +615 369596
1228 +513 370109
1229 +1229 371338
1230 +316 371654
1231 +1231 372885
1232 +304 373189
1233 +515 373704
1234 +618 374322
1235 +473 374795
1236 +370 375165
1237 +1237 376402
1238 +620 377022
1239 +455 377477
1240 +326 377803
1241 +705 378508
1242 +332 378840
1243 +685 379525
1244 +520 380045
1245 +464 380509
1246 +436 380945
1247 +771 381716
1248 +282 381998
1249 +1249 383247
1250 +406 383653
1251 +524 384177
1252 +523 384700
1253 +666 385366
1254 +333 385699
1255 +651 386350
1256 +456 386806
1257 +630 387436
1258 +461 387897
1259 +1259 389156
1260 +241 389397
1261 +703 390100
1262 +632 390732
1263 +633 391365
1264 +418 391783
1265 +478 392261
1266 +466 392727
1267 +673 393400
1268 +530 393930
1269 +461 394391
1270 +454 394845
1271 +808 395653
1272 +329 395982
1273 +737 396719
1274 +388 397107
1275 +404 397511
1276 +382 397893
1277 +1277 399170
1278 +384 399554
1279 +1279 400833
1280 +321 401154
1281 +470 401624
1282 +642 402266
1283 +1283 403549
1284 +386 403935
1285 +667 404602
1286 +644 405246
1287 +413 405659
1288 +337 405996
1289 +1289 407285
1290 +329 407614
1291 +1291 408905
1292 +407 409312
1293 +648 409960
1294 +648 410608
1295 +526 411134
1296 +283 411417
1297 +1297 412714
1298 +461 413175
1299 +651 413826
1300 +340 414166
1301 +1301 415467
1302 +346 415813
1303 +1303 417116
1304 +474 417590
1305 +404 417994
1306 +654 418648
1307 +1307 419955
1308 +391 420346
1309 +528 420874
1310 +469 421343
1311 +493 421836
1312 +399 422235
1313 +732 422967
1314 +396 423363
1315 +682 424045
1316 +406 424451
1317 +660 425111
1318 +660 425771
1319 +1319 427090
1320 +258 427348
1321 +1321 428669
1322 +662 429331
1323 +408 429739
1324 +553 430292
1325 +572 430864
1326 +353 431217
1327 +1327 432544
1328 +437 432981
1329 +666 433647
1330 +351 433998
1331 +739 434737
1332 +330 435067
1333 +834 435901
1334 +487 436388
1335 +494 436882
1336 +484 437366
1337 +711 438077
1338 +493 438570
1339 +742 439312
1340 +408 439720
1341 +561 440281
1342 +477 440758
1343 +766 441524
1344 +280 441804
1345 +698 442502
1346 +674 443176
1347 +675 443851
1348 +563 444414
1349 +779 445193
1350 +293 445486
1351 +718 446204
1352 +403 446607
1353 +499 447106
1354 +678 447784
1355 +702 448486
1356 +404 448890
1357 +809 449699
1358 +479 450178
1359 +567 450745
1360 +333 451078
1361 +1361 452439
1362 +501 452940
1363 +838 453778
1364 +409 454187
1365 +368 454555
1366 +684 455239
1367 +1367 456606
1368 +300 456906
1369 +946 457852
1370 +492 458344
1371 +687 459031
1372 +420 459451
1373 +1373 460824
1374 +506 461330
1375 +512 461842
1376 +418 462260
1377 +465 462725
1378 +490 463215
1379 +732 463947
1380 +298 464245
1381 +1381 465626
1382 +692 466318
1383 +693 467011
1384 +501 467512
1385 +718 468230
1386 +312 468542
1387 +798 469340
1388 +580 469920
1389 +696 470616
1390 +497 471113
1391 +767 471880
1392 +334 472214
1393 +739 472953
1394 +504 473457
1395 +423 473880
1396 +583 474463
1397 +775 475238
1398 +515 475753
1399 +1399 477152
1400 +312 477464
1401 +702 478166
1402 +702 478868
1403 +830 479698
1404 +311 480009
1405 +729 480738
1406 +519 481257
1407 +512 481769
1408 +378 482147
1409 +1409 483556
1410 +356 483912
1411 +802 484714
1412 +590 485304
1413 +590 485894
1414 +496 486390
1415 +733 487123
1416 +366 487489
1417 +780 488269
1418 +710 488979
1419 +518 489497
1420 +431 489928
1421 +620 490548
1422 +427 490975
1423 +1423 492398
1424 +469 492867
1425 +442 493309
1426 +507 493816
1427 +1427 495243
1428 +311 495554
1429 +1429 496983
1430 +388 497371
1431 +528 497899
1432 +519 498418
1433 +1433 499851
1434 +528 500379
1435 +568 500947
1436 +600 501547
1437 +720 502267
1438 +720 502987
1439 +1439 504426
1440 +271 504697
1441 +800 505497
1442 +505 506002
1443 +537 506539
1444 +492 507031
1445 +620 507651
1446 +532 508183
1447 +1447 509630
1448 +524 510154
1449 +463 510617
1450 +449 511066
1451 +1451 512517
1452 +351 512868
1453 +1453 514321
1454 +728 515049
1455 +539 515588
1456 +375 515963
1457 +904 516867
1458 +413 517280
1459 +1459 518739
1460 +444 519183
1461 +732 519915
1462 +521 520436
1463 +580 521016
1464 +379 521395
1465 +760 522155
1466 +734 522889
1467 +613 523502
1468 +613 524115
1469 +808 524923
1470 +318 525241
1471 +1471 526712
1472 +417 527129
1473 +738 527867
1474 +522 528389
1475 +633 529022
1476 +357 529379
1477 +784 530163
1478 +740 530903
1479 +535 531438
1480 +389 531827
1481 +1481 533308
1482 +390 533698
1483 +1483 535181
1484 +457 535638
1485 +400 536038
1486 +744 536782
1487 +1487 538269
1488 +356 538625
1489 +1489 540114
1490 +533 540647
1491 +545 541192
1492 +623 541815
1493 +1493 543308
1494 +448 543756
1495 +565 544321
1496 +396 544717
1497 +750 545467
1498 +527 545994
1499 +1499 547493
1500 +318 547811
1501 +861 548672
1502 +752 549424
1503 +628 550052
1504 +458 550510
1505 +592 551102
1506 +554 551656
1507 +838 552494
1508 +473 552967
1509 +756 553723
1510 +539 554262
1511 +1511 555773
1512 +298 556071
1513 +857 556928
1514 +758 557686
1515 +562 558248
1516 +633 558881
1517 +1010 559891
1518 +413 560304
1519 +672 560976
1520 +381 561357
1521 +526 561883
1522 +762 562645
1523 +1523 564168
1524 +459 564627
1525 +655 565282
1526 +536 565818
1527 +765 566583
1528 +554 567137
1529 +846 567983
1530 +336 568319
1531 +1531 569850
1532 +640 570490
1533 +555 571045
1534 +541 571586
1535 +795 572381
1536 +365 572746
1537 +948 573694
1538 +770 574464
1539 +513 574977
1540 +347 575324
1541 +916 576240
1542 +567 576807
1543 +1543 578350
1544 +560 578910
1545 +572 579482
1546 +774 580256
1547 +638 580894
1548 +372 581266
1549 +1549 582815
1550 +463 583278
1551 +562 583840
1552 +509 584349
1553 +1553 585902
1554 +405 586307
1555 +806 587113
1556 +650 587763
1557 +650 588413
1558 +574 588987
1559 +1559 590546
1560 +305 590851
1561 +829 591680
1562 +551 592231
1563 +783 593014
1564 +469 593483
1565 +811 594294
1566 +430 594724
1567 +1567 596291
1568 +406 596697
1569 +786 597483
1570 +560 598043
1571 +1571 599614
1572 +472 600086
1573 +782 600868
1574 +788 601656
1575 +400 602056
1576 +571 602627
1577 +901 603528
1578 +581 604109
1579 +1579 605688
1580 +480 606168
1581 +575 606743
1582 +556 607299
1583 +1583 608882
1584 +321 609203
1585 +822 610025
1586 +563 610588
1587 +652 611240
1588 +663 611903
1589 +843 612746
1590 +401 613147
1591 +1037 614184
1592 +577 614761
1593 +586 615347
1594 +798 616145
1595 +597 616742
1596 +353 617095
1597 +1597 618692
1598 +571 619263
1599 +607 619870
1600 +377 620247
1601 +1601 621848
1602 +481 622329
1603 +850 623179
1604 +670 623849
1605 +593 624442
1606 +565 625007
1607 +1607 626614
1608 +419 627033
1609 +1609 628642
1610 +408 629050
1611 +672 629722
1612 +490 630212
1613 +1613 631825
1614 +594 632419
1615 +645 633064
1616 +532 633596
1617 +489 634085
1618 +810 634895
1619 +1619 636514
1620 +318 636832
1621 +1621 638453
1622 +812 639265
1623 +813 640078
1624 +457 640535
1625 +624 641159
1626 +598 641757
1627 +1627 643384
1628 +484 643868
1629 +679 644547
1630 +582 645129
1631 +864 645993
1632 +372 646365
1633 +964 647329
1634 +595 647924
1635 +605 648529
1636 +683 649212
1637 +1637 650849
1638 +366 651215
1639 +906 652121
1640 +446 652567
1641 +822 653389
1642 +822 654211
1643 +1017 655228
1644 +493 655721
1645 +643 656364
1646 +824 657188
1647 +600 657788
1648 +541 658329
1649 +940 659269
1650 +363 659632
1651 +918 660550
1652 +506 661056
1653 +604 661660
1654 +828 662488
1655 +857 663345
1656 +360 663705
1657 +1657 665362
1658 +830 666192
1659 +606 666798
1660 +502 667300
1661 +917 668217
1662 +611 668828
1663 +1663 670491
1664 +448 670939
1665 +507 671446
1666 +498 671944
1667 +1667 673611
1668 +499 674110
1669 +1669 675779
1670 +598 676377
1671 +837 677214
1672 +448 677662
1673 +888 678550
1674 +444 678994
1675 +719 679713
1676 +700 680413
1677 +626 681039
1678 +840 681879
1679 +983 682862
1680 +304 683166
1681 +1164 684330
1682 +680 685010
1683 +537 685547
1684 +703 686250
1685 +873 687123
1686 +620 687743
1687 +895 688638
1688 +611 689249
1689 +846 690095
1690 +499 690594
1691 +967 691561
1692 +408 691969
1693 +1693 693662
1694 +485 694147
1695 +627 694774
1696 +515 695289
1697 +1697 696986
1698 +625 697611
1699 +1699 699310
1700 +428 699738
1701 +526 700264
1702 +599 700863
1703 +945 701808
1704 +442 702250
1705 +643 702893
1706 +854 703747
1707 +855 704602
1708 +521 705123
1709 +1709 706832
1710 +382 707214
1711 +1055 708269
1712 +565 708834
1713 +858 709692
1714 +858 710550
1715 +667 711217
1716 +383 711600
1717 +977 712577
1718 +860 713437
1719 +717 714154
1720 +465 714619
1721 +1721 716340
1722 +461 716801
1723 +1723 718524
1724 +720 719244
1725 +546 719790
1726 +864 720654
1727 +956 721610
1728 +357 721967
1729 +695 722662
1730 +620 723282
1731 +867 724149
1732 +723 724872
1733 +1733 726605
1734 +521 727126
1735 +899 728025
1736 +471 728496
1737 +725 729221
1738 +610 729831
1739 +1111 730942
1740 +370 731312
1741 +1741 733053
1742 +616 733669
1743 +635 734304
1744 +576 734880
1745 +904 735784
1746 +525 736309
1747 +1747 738056
1748 +531 738587
1749 +632 739219
1750 +446 739665
1751 +988 740653
1752 +454 741107
1753 +1753 742860
1754 +878 743738
1755 +480 744218
1756 +733 744951
1757 +933 745884
1758 +647 746531
1759 +1759 748290
1760 +406 748696
1761 +882 749578
1762 +882 750460
1763 +1191 751651
1764 +358 752009
1765 +915 752924
1766 +884 753808
1767 +642 754450
1768 +468 754918
1769 +1079 755997
1770 +453 756450
1771 +696 757146
1772 +740 757886
1773 +739 758625
1774 +888 759513
1775 +763 760276
1776 +410 760686
1777 +1777 762463
1778 +626 763089
1779 +891 763980
1780 +539 764519
1781 +990 765509
1782 +430 765939
1783 +1783 767722
1784 +646 768368
1785 +480 768848
1786 +642 769490
1787 +1787 771277
1788 +536 771813
1789 +1789 773602
1790 +640 774242
1791 +747 774989
1792 +473 775462
1793 +995 776457
1794 +477 776934
1795 +930 777864
1796 +750 778614
1797 +900 779514
1798 +689 780203
1799 +954 781157
1800 +339 781496
1801 +1801 783297
1802 +641 783938
1803 +903 784841
1804 +547 785388
1805 +769 786157
1806 +494 786651
1807 +1000 787651
1808 +599 788250
1809 +661 788911
1810 +646 789557
1811 +1811 791368
1812 +542 791910
1813 +808 792718
1814 +908 793626
1815 +537 794163
1816 +657 794820
1817 +1063 795883
1818 +543 796426
1819 +1027 797453
1820 +405 797858
1821 +912 798770
1822 +912 799682
1823 +1823 801505
1824 +391 801896
1825 +785 802681
1826 +644 803325
1827 +556 803881
1828 +763 804644
1829 +1140 805784
1830 +464 806248
1831 +1831 808079
1832 +663 808742
1833 +671 809413
1834 +647 810060
1835 +950 811010
1836 +401 811411
1837 +1016 812427
1838 +920 813347
1839 +921 814268
1840 +450 814718
1841 +975 815693
1842 +677 816370
1843 +1055 817425
1844 +770 818195
1845 +566 818761
1846 +651 819412
1847 +1847 821259
1848 +359 821618
1849 +1274 822892
1850 +544 823436
1851 +927 824363
1852 +773 825136
1853 +1041 826177
1854 +557 826734
1855 +715 827449
1856 +534 827983
1857 +930 828913
1858 +930 829843
1859 +931 830774
1860 +403 831177
1861 +1861 833038
1862 +549 833587
1863 +630 834217
1864 +674 834891
1865 +966 835857
1866 +686 836543
1867 +1867 838410
1868 +780 839190
1869 +678 839868
1870 +491 840359
1871 +1871 842230
1872 +383 842613
1873 +1873 844486
1874 +938 845424
1875 +625 846049
1876 +570 846619
1877 +1877 848496
1878 +691 849187
1879 +1879 851066
1880 +498 851564
1881 +581 852145
1882 +942 853087
1883 +999 854086
1884 +565 854651
1885 +708 855359
1886 +680 856039
1887 +681 856720
1888 +574 857294
1889 +1889 859183
1890 +374 859557
1891 +1171 860728
1892 +583 861311
1893 +948 862259
1894 +948 863207
1895 +981 864188
1896 +487 864675
1897 +1006 865681
1898 +672 866353
1899 +792 867145
1900 +494 867639
1901 +1901 869540
1902 +699 870239
1903 +1052 871291
1904 +477 871768
1905 +704 872472
1906 +954 873426
1907 +1907 875333
1908 +462 875795
1909 +1109 876904
1910 +682 877586
1911 +580 878166
1912 +693 878859
1913 +1913 880772
1914 +505 881277
1915 +992 882269
1916 +800 883069
1917 +703 883772
1918 +673 884445
1919 +1095 885540
1920 +374 885914
1921 +1079 886993
1922 +771 887764
1923 +963 888727
1924 +579 889306
1925 +616 889922
1926 +575 890497
1927 +1265 891762
1928 +698 892460
1929 +966 893426
1930 +689 894115
1931 +1931 896046
1932 +439 896485
1933 +1933 898418
1934 +968 899386
1935 +603 899989
1936 +525 900514
1937 +1078 901592
1938 +527 902119
1939 +1030 903149
1940 +592 903741
1941 +972 904713
1942 +972 905685
1943 +1178 906863
1944 +424 907287
1945 +1008 908295
1946 +684 908979
1947 +705 909684
1948 +813 910497
1949 +1949 912446
1950 +421 912867
1951 +1951 914818
1952 +595 915413
1953 +587 916000
1954 +978 916978
1955 +745 917723
1956 +586 918309
1957 +1113 919422
1958 +689 920111
1959 +981 921092
1960 +427 921519
1961 +1240 922759
1962 +586 923345
1963 +1090 924435
1964 +820 925255
1965 +727 925982
1966 +984 926966
1967 +1044 928010
1968 +451 928461
1969 +1088 929549
1970 +703 930252
1971 +720 930972
1972 +591 931563
1973 +1973 933536
1974 +531 934067
1975 +843 934910
1976 +512 935422
1977 +990 936412
1978 +725 937137
1979 +1979 939116
1980 +371 939487
1981 +1051 940538
1982 +992 941530
1983 +993 942523
1984 +598 943121
1985 +1028 944149
1986 +730 944879
1987 +1987 946866
1988 +601 947467
1989 +620 948087
1990 +710 948797
1991 +1099 949896
1992 +511 950407
1993 +1993 952400
1994 +998 953398
1995 +533 953931
1996 +833 954764
1997 +1997 956761
1998 +523 957284
1999 +1999 959283
2000 +476 959759
2001 +739 960498
2002 +532 961030
2003 +2003 963033
2004 +600 963633
2005 +1039 964672
2006 +709 965381
2007 +837 966218
2008 +727 966945
2009 +901 967846
2010 +507 968353
2011 +2011 970364
2012 +840 971204
2013 +726 971930
2014 +718 972648
2015 +748 973396
2016 +377 973773
2017 +2017 975790
2018 +1010 976800
2019 +1011 977811
2020 +617 978428
2021 +1348 979776
2022 +743 980519
2023 +891 981410
2024 +570 981980
2025 +580 982560
2026 +1014 983574
2027 +2027 985601
2028 +514 986115
2029 +2029 988144
2030 +520 988664
2031 +1017 989681
2032 +672 990353
2033 +1153 991506
2034 +606 992112
2035 +765 992877
2036 +850 993727
2037 +738 994465
2038 +1020 995485
2039 +2039 997524
2040 +387 997911
2041 +1139 999050
2042 +1022 1000072
2043 +852 1000924
2044 +618 1001542
2045 +1059 1002601
2046 +552 1003153
2047 +1194 1004347
2048 +630 1004977
2049 +1026 1006003
2050 +603 1006606
2051 +1086 1007692
2052 +452 1008144
2053 +2053 1010197
2054 +728 1010925
2055 +759 1011684
2056 +743 1012427
2057 +972 1013399
2058 +552 1013951
2059 +1243 1015194
2060 +627 1015821
2061 +859 1016680
2062 +1032 1017712
2063 +2063 1019775
2064 +476 1020251
2065 +796 1021047
2066 +1034 1022081
2067 +751 1022832
2068 +633 1023465
2069 +2069 1025534
2070 +447 1025981
2071 +1172 1027153
2072 +540 1027693
2073 +1038 1028731
2074 +735 1029466
2075 +883 1030349
2076 +619 1030968
2077 +1272 1032240
2078 +1040 1033280
2079 +570 1033850
2080 +455 1034305
2081 +2081 1036386
2082 +765 1037151
2083 +2083 1039234
2084 +870 1040104
2085 +770 1040874
2086 +730 1041604
2087 +2087 1043691
2088 +450 1044141
2089 +2089 1046230
2090 +562 1046792
2091 +755 1047547
2092 +873 1048420
2093 +836 1049256
2094 +770 1050026
2095 +1085 1051111
2096 +693 1051804
2097 +875 1052679
2098 +1050 1053729
2099 +2099 1055828
2100 +388 1056216
2101 +1162 1057378
2102 +1052 1058430
2103 +1053 1059483
2104 +761 1060244
2105 +1090 1061334
2106 +508 1061842
2107 +960 1062802
2108 +648 1063450
2109 +770 1064220
2110 +752 1064972
2111 +2111 1067083
2112 +442 1067525
2113 +2113 1069638
2114 +741 1070379
2115 +661 1071040
2116 +720 1071760
2117 +1269 1073029
2118 +779 1073808
2119 +1181 1074989
2120 +561 1075550
2121 +769 1076319
2122 +1062 1077381
2123 +1171 1078552
2124 +513 1079065
2125 +805 1079870
2126 +1064 1080934
2127 +1065 1081999
2128 +520 1082519
2129 +2129 1084648
2130 +537 1085185
2131 +2131 1087316
2132 +638 1087954
2133 +788 1088742
2134 +750 1089492
2135 +819 1090311
2136 +549 1090860
2137 +2137 1092997
2138 +1070 1094067
2139 +781 1094848
2140 +652 1095500
2141 +2141 1097641
2142 +472 1098113
2143 +2143 1100256
2144 +660 1100916
2145 +585 1101501
2146 +772 1102273
2147 +1211 1103484
2148 +642 1104126
2149 +1141 1105267
2150 +635 1105902
2151 +897 1106799
2152 +779 1107578
2153 +2153 1109731
2154 +792 1110523
2155 +1116 1111639
2156 +543 1112182
2157 +1080 1113262
2158 +763 1114025
2159 +1220 1115245
2160 +386 1115631
2161 +2161 1117792
2162 +808 1118600
2163 +783 1119383
2164 +903 1120286
2165 +1121 1121407
2166 +647 1122054
2167 +1192 1123246
2168 +785 1124031
2169 +905 1124936
2170 +559 1125495
2171 +1208 1126703
2172 +648 1127351
2173 +1400 1128751
2174 +1088 1129839
2175 +687 1130526
2176 +626 1131152
2177 +1155 1132307
2178 +548 1132855
2179 +2179 1135034
2180 +662 1135696
2181 +1092 1136788
2182 +1092 1137880
2183 +1375 1139255
2184 +431 1139686
2185 +851 1140537
2186 +1094 1141631
2187 +807 1142438
2188 +913 1143351
2189 +1202 1144553
2190 +554 1145107
2191 +1162 1146269
2192 +723 1146992
2193 +800 1147792
2194 +1098 1148890
2195 +1136 1150026
2196 +527 1150553
2197 +1221 1151774
2198 +771 1152545
2199 +1101 1153646
2200 +506 1154152
2201 +1339 1155491
2202 +809 1156300
2203 +2203 1158503
2204 +655 1159158
2205 +552 1159710
2206 +1104 1160814
2207 +2207 1163021
2208 +485 1163506
2209 +1526 1165032
2210 +582 1165614
2211 +800 1166414
2212 +670 1167084
2213 +2213 1169297
2214 +573 1169870
2215 +1147 1171017
2216 +803 1171820
2217 +1110 1172930
2218 +1110 1174040
2219 +1176 1175216
2220 +469 1175685
2221 +2221 1177906
2222 +783 1178689
2223 +676 1179365
2224 +733 1180098
2225 +948 1181046
2226 +593 1181639
2227 +1259 1182898
2228 +930 1183828
2229 +1116 1184944
2230 +795 1185739
2231 +1302 1187041
2232 +477 1187518
2233 +869 1188387
2234 +1118 1189505
2235 +823 1190328
2236 +665 1190993
2237 +2237 1193230
2238 +823 1194053
2239 +2239 1196292
2240 +475 1196767
2241 +823 1197590
2242 +796 1198386
2243 +2243 1200629
2244 +490 1201119
2245 +1163 1202282
2246 +1124 1203406
2247 +813 1204219
2248 +813 1205032
2249 +1249 1206281
2250 +475 1206756
2251 +2251 1209007
2252 +940 1209947
2253 +1128 1211075
2254 +666 1211741
2255 +852 1212593
2256 +529 1213122
2257 +1408 1214530
2258 +1130 1215660
2259 +942 1216602
2260 +686 1217288
2261 +938 1218226
2262 +596 1218822
2263 +1366 1220188
2264 +819 1221007
2265 +833 1221840
2266 +796 1222636
2267 +2267 1224903
2268 +450 1225353
2269 +2269 1227622
2270 +810 1228432
2271 +1137 1229569
2272 +689 1230258
2273 +2273 1232531
2274 +836 1233367
2275 +739 1234106
2276 +950 1235056
2277 +701 1235757
2278 +819 1236576
2279 +1484 1238060
2280 +438 1238498
2281 +2281 1240779
2282 +799 1241578
2283 +1143 1242721
2284 +953 1243674
2285 +1183 1244857
2286 +682 1245539
2287 +2287 1247826
2288 +550 1248376
2289 +827 1249203
2290 +817 1250020
2291 +1374 1251394
2292 +687 1252081
2293 +2293 1254374
2294 +839 1255213
2295 +639 1255852
2296 +599 1256451
2297 +2297 1258748
2298 +845 1259593
2299 +1072 1260665
2300 +604 1261269
2301 +834 1262103
2302 +1152 1263255
2303 +1076 1264331
2304 +472 1264803
2305 +1194 1265997
2306 +1154 1267151
2307 +1155 1268306
2308 +963 1269269
2309 +2309 1271578
2310 +456 1272034
2311 +2311 1274345
2312 +696 1275041
2313 +964 1276005
2314 +816 1276821
2315 +1198 1278019
2316 +692 1278711
2317 +1228 1279939
2318 +821 1280760
2319 +1161 1281921
2320 +554 1282475
2321 +1280 1283755
2322 +602 1284357
2323 +1355 1285712
2324 +704 1286416
2325 +716 1287132
2326 +1164 1288296
2327 +1292 1289588
2328 +600 1290188
2329 +1320 1291508
2330 +831 1292339
2331 +703 1293042
2332 +707 1293749
2333 +2333 1296082
2334 +858 1296940
2335 +1209 1298149
2336 +711 1298860
2337 +847 1299707
2338 +815 1300522
2339 +2339 1302861
2340 +431 1303292
2341 +2341 1305633
2342 +1172 1306805
2343 +846 1307651
2344 +848 1308499
2345 +897 1309396
2346 +617 1310013
2347 +2347 1312360
2348 +980 1313340
2349 +834 1314174
2350 +703 1314877
2351 +2351 1317228
2352 +476 1317704
2353 +1305 1319009
2354 +829 1319838
2355 +868 1320706
2356 +707 1321413
2357 +2357 1323770
2358 +705 1324475
2359 +1252 1325727
2360 +624 1326351
2361 +1182 1327533
2362 +1182 1328715
2363 +1331 1330046
2364 +707 1330753
2365 +890 1331643
2366 +708 1332351
2367 +986 1333337
2368 +688 1334025
2369 +1373 1335398
2370 +597 1335995
2371 +2371 1338366
2372 +990 1339356
2373 +854 1340210
2374 +1188 1341398
2375 +911 1342309
2376 +461 1342770
2377 +2377 1345147
2378 +854 1346001
2379 +855 1346856
2380 +534 1347390
2381 +2381 1349771
2382 +875 1350646
2383 +2383 1353029
2384 +785 1353814
2385 +739 1354553
2386 +1194 1355747
2387 +937 1356684
2388 +714 1357398
2389 +2389 1359787
2390 +854 1360641
2391 +1197 1361838
2392 +630 1362468
2393 +2393 1364861
2394 +538 1365399
2395 +1240 1366639
2396 +1000 1367639
2397 +891 1368530
2398 +844 1369374
2399 +2399 1371773
2400 +448 1372221
2401 +1139 1373360
2402 +1202 1374562
2403 +881 1375443
2404 +1003 1376446
2405 +906 1377352
2406 +884 1378236
2407 +1439 1379675
2408 +628 1380303
2409 +870 1381173
2410 +859 1382032
2411 +2411 1384443
2412 +585 1385028
2413 +1372 1386400
2414 +857 1387257
2415 +656 1387913
2416 +798 1388711
2417 +2417 1391128
2418 +632 1391760
2419 +1543 1393303
2420 +638 1393941
2421 +1009 1394950
2422 +848 1395798
2423 +2423 1398221
2424 +630 1398851
2425 +1037 1399888
2426 +1214 1401102
2427 +1215 1402317
2428 +1013 1403330
2429 +1287 1404617
2430 +518 1405135
2431 +1104 1406239
2432 +657 1406896
2433 +1218 1408114
2434 +1218 1409332
2435 +1260 1410592
2436 +543 1411135
2437 +2437 1413572
2438 +885 1414457
2439 +1015 1415472
2440 +642 1416114
2441 +2441 1418555
2442 +657 1419212
2443 +1294 1420506
2444 +742 1421248
2445 +900 1422148
2446 +1224 1423372
2447 +2447 1425819
2448 +499 1426318
2449 +1474 1427792
2450 +594 1428386
2451 +889 1429275
2452 +1023 1430298
2453 +1353 1431651
2454 +902 1432553
2455 +1271 1433824
2456 +888 1434712
2457 +658 1435370
2458 +1230 1436600
2459 +2459 1439059
2460 +519 1439578
2461 +1422 1441000
2462 +1232 1442232
2463 +1233 1443465
2464 +553 1444018
2465 +931 1444949
2466 +737 1445686
2467 +2467 1448153
2468 +1030 1449183
2469 +1236 1450419
2470 +639 1451058
2471 +1308 1452366
2472 +639 1453005
2473 +2473 1455478
2474 +1238 1456716
2475 +630 1457346
2476 +1033 1458379
2477 +2477 1460856
2478 +660 1461516
2479 +1555 1463071
2480 +591 1463662
2481 +1242 1464904
2482 +884 1465788
2483 +1383 1467171
2484 +526 1467697
2485 +956 1468653
2486 +877 1469530
2487 +1245 1470775
2488 +899 1471674
2489 +1412 1473086
2490 +628 1473714
2491 +1662 1475376
2492 +755 1476131
2493 +1038 1477169
2494 +893 1478062
2495 +1291 1479353
2496 +521 1479874
2497 +1377 1481251
2498 +1250 1482501
2499 +773 1483274
2500 +691 1483965
2501 +1580 1485545
2502 +747 1486292
2503 +2503 1488795
2504 +906 1489701
2505 +921 1490622
2506 +877 1491499
2507 +1441 1492940
2508 +535 1493475
2509 +1396 1494871
2510 +896 1495767
2511 +862 1496629
2512 +828 1497457
2513 +1332 1498789
2514 +924 1499713
2515 +1302 1501015
2516 +783 1501798
2517 +1260 1503058
2518 +1260 1504318
2519 +1385 1505703
2520 +422 1506125
2521 +2521 1508646
2522 +890 1509536
2523 +1034 1510570
2524 +1053 1511623
2525 +1076 1512699
2526 +928 1513627
2527 +1109 1514736
2528 +765 1515501
2529 +1053 1516554
2530 +707 1517261
2531 +2531 1519792
2532 +758 1520550
2533 +1432 1521982
2534 +885 1522867
2535 +767 1523634
2536 +917 1524551
2537 +1631 1526182
2538 +653 1526835
2539 +2539 1529374
2540 +772 1530146
2541 +767 1530913
2542 +913 1531826
2543 +2543 1534369
2544 +600 1534969
2545 +1318 1536287
2546 +903 1537190
2547 +1062 1538252
2548 +686 1538938
2549 +2549 1541487
2550 +553 1542040
2551 +2551 1544591
2552 +674 1545265
2553 +922 1546187
2554 +1278 1547465
2555 +972 1548437
2556 +622 1549059
2557 +2557 1551616
2558 +1280 1552896
2559 +1281 1554177
2560 +610 1554787
2561 +1419 1556206
2562 +681 1556887
2563 +1411 1558298
2564 +1070 1559368
2565 +682 1560050
2566 +1284 1561334
2567 +1448 1562782
2568 +662 1563444
2569 +1363 1564807
2570 +918 1565725
2571 +1287 1567012
2572 +1073 1568085
2573 +1542 1569627
2574 +566 1570193
2575 +1093 1571286
2576 +624 1571910
2577 +1290 1573200
2578 +1290 1574490
2579 +2579 1577069
2580 +537 1577606
2581 +1538 1579144
2582 +1292 1580436
2583 +781 1581217
2584 +706 1581923
2585 +986 1582909
2586 +950 1583859
2587 +1431 1585290
2588 +1080 1586370
2589 +1296 1587666
2590 +683 1588349
2591 +2591 1590940
2592 +515 1591455
2593 +2593 1594048
2594 +1298 1595346
2595 +955 1596301
2596 +777 1597078
2597 +1201 1598279
2598 +955 1599234
2599 +1493 1600727
2600 +583 1601310
2601 +907 1602217
2602 +1302 1603519
2603 +1480 1604999
2604 +573 1605572
2605 +1349 1606921
2606 +1304 1608225
2607 +932 1609157
2608 +858 1610015
2609 +2609 1612624
2610 +561 1613185
2611 +1384 1614569
2612 +1090 1615659
2613 +938 1616597
2614 +1308 1617905
2615 +1353 1619258
2616 +670 1619928
2617 +2617 1622545
2618 +665 1623210
2619 +959 1624169
2620 +792 1624961
2621 +2621 1627582
2622 +699 1628281
2623 +1669 1629950
2624 +743 1630693
2625 +691 1631384
2626 +926 1632310
2627 +1649 1633959
2628 +637 1634596
2629 +1448 1636044
2630 +939 1636983
2631 +1317 1638300
2632 +683 1638983
2633 +2633 1641616
2634 +968 1642584
2635 +990 1643574
2636 +1100 1644674
2637 +1098 1645772
2638 +1320 1647092
2639 +1037 1648129
2640 +466 1648595
2641 +1494 1650089
2642 +1322 1651411
2643 +1323 1652734
2644 +1103 1653837
2645 +1126 1654963
2646 +585 1655548
2647 +2647 1658195
2648 +958 1659153
2649 +1326 1660479
2650 +804 1661283
2651 +1459 1662742
2652 +588 1663330
2653 +1405 1664735
2654 +1328 1666063
2655 +811 1666874
2656 +795 1667669
2657 +2657 1670326
2658 +977 1671303
2659 +2659 1673962
2660 +585 1674547
2661 +1332 1675879
2662 +937 1676816
2663 +2663 1679479
2664 +586 1680065
2665 +998 1681063
2666 +950 1682013
2667 +967 1682980
2668 +803 1683783
2669 +1508 1685291
2670 +677 1685968
2671 +2671 1688639
2672 +877 1689516
2673 +836 1690352
2674 +937 1691289
2675 +1140 1692429
2676 +799 1693228
2677 +2677 1695905
2678 +939 1696844
2679 +974 1697818
2680 +699 1698517
2681 +1419 1699936
2682 +799 1700735
2683 +2683 1703418
2684 +797 1704215
2685 +988 1705203
2686 +951 1706154
2687 +2687 1708841
2688 +526 1709367
2689 +2689 1712056
2690 +959 1713015
2691 +810 1713825
2692 +1123 1714948
2693 +2693 1717641
2694 +990 1718631
2695 +884 1719515
2696 +975 1720490
2697 +1061 1721551
2698 +956 1722507
2699 +2699 1725206
2700 +487 1725693
2701 +1686 1727379
2702 +948 1728327
2703 +1022 1729349
2704 +725 1730074
2705 +1400 1731474
2706 +717 1732191
2707 +2707 1734898
2708 +1130 1736028
2709 +815 1736843
2710 +967 1737810
2711 +2711 1740521
2712 +699 1741220
2713 +2713 1743933
2714 +971 1744904
2715 +999 1745903
2716 +831 1746734
2717 +1188 1747922
2718 +811 1748733
2719 +2719 1751452
2720 +618 1752070
2721 +1362 1753432
2722 +1362 1754794
2723 +1443 1756237
2724 +814 1757051
2725 +1158 1758209
2726 +975 1759184
2727 +997 1760181
2728 +724 1760905
2729 +2729 1763634
2730 +532 1764166
2731 +2731 1766897
2732 +1140 1768037
2733 +1368 1769405
2734 +1368 1770773
2735 +1415 1772188
2736 +549 1772737
2737 +1069 1773806
2738 +1102 1774908
2739 +983 1775891
2740 +829 1776720
2741 +2741 1779461
2742 +1007 1780468
2743 +1529 1781997
2744 +714 1782711
2745 +835 1783546
2746 +1374 1784920
2747 +1734 1786654
2748 +820 1787474
2749 +2749 1790223
2750 +755 1790978
2751 +996 1791974
2752 +780 1792754
2753 +2753 1795507
2754 +670 1796177
2755 +1045 1797222
2756 +857 1798079
2757 +1380 1799459
2758 +966 1800425
2759 +1658 1802083
2760 +525 1802608
2761 +1522 1804130
2762 +1382 1805512
2763 +1152 1806664
2764 +1153 1807817
2765 +1052 1808869
2766 +1016 1809885
2767 +2767 1812652
2768 +913 1813565
2769 +995 1814560
2770 +988 1815548
2771 +1563 1817111
2772 +509 1817620
2773 +1812 1819432
2774 +985 1820417
2775 +836 1821253
2776 +1004 1822257
2777 +2777 1825034
2778 +1021 1826055
2779 +1474 1827529
2780 +840 1828369
2781 +1012 1829381
2782 +972 1830353
2783 +1285 1831638
2784 +601 1832239
2785 +1442 1833681
2786 +975 1834656
2787 +1395 1836051
2788 +843 1836894
2789 +2789 1839683
2790 +611 1840294
2791 +2791 1843085
2792 +1010 1844095
2793 +876 1844971
2794 +984 1845955
2795 +1042 1846997
2796 +835 1847832
2797 +2797 1850629
2798 +1400 1852029
2799 +1166 1853195
2800 +560 1853755
2801 +2801 1856556
2802 +1029 1857585
2803 +2803 1860388
2804 +1170 1861558
2805 +771 1862329
2806 +1000 1863329
2807 +1488 1864817
2808 +557 1865374
2809 +1959 1867333
2810 +1003 1868336
2811 +1407 1869743
2812 +901 1870644
2813 +1678 1872322
2814 +742 1873064
2815 +1457 1874521
2816 +716 1875237
2817 +1174 1876411
2818 +1410 1877821
2819 +2819 1880640
2820 +588 1881228
2821 +1109 1882337
2822 +999 1883336
2823 +1413 1884749
2824 +1020 1885769
2825 +1203 1886972
2826 +845 1887817
2827 +1554 1889371
2828 +863 1890234
2829 +1025 1891259
2830 +1008 1892267
2831 +1600 1893867
2832 +664 1894531
2833 +2833 1897364
2834 +991 1898355
2835 +688 1899043
2836 +1183 1900226
2837 +2837 1903063
2838 +753 1903816
2839 +1599 1905415
2840 +742 1906157
2841 +1422 1907579
2842 +845 1908424
2843 +2843 1911267
2844 +689 1911956
2845 +1473 1913429
2846 +1424 1914853
2847 +1020 1915873
2848 +858 1916731
2849 +1115 1917846
2850 +606 1918452
2851 +2851 1921303
2852 +859 1922162
2853 +1188 1923350
2854 +1428 1924778
2855 +1477 1926255
2856 +549 1926804
2857 +2857 1929661
2858 +1430 1931091
2859 +1431 1932522
2860 +652 1933174
2861 +2861 1936035
2862 +761 1936796
2863 +1516 1938312
2864 +944 1939256
2865 +1055 1940311
2866 +1434 1941745
2867 +1852 1943597
2868 +856 1944453
2869 +1617 1946070
2870 +741 1946811
2871 +910 1947721
2872 +1038 1948759
2873 +1419 1950178
2874 +1056 1951234
2875 +1172 1952406
2876 +1200 1953606
2877 +1045 1954651
2878 +1440 1956091
2879 +2879 1958970
2880 +504 1959474
2881 +1828 1961302
2882 +1015 1962317
2883 +1183 1963500
2884 +879 1964379
2885 +1493 1965872
2886 +773 1966645
2887 +2887 1969532
2888 +860 1970392
2889 +1050 1971442
2890 +851 1972293
2891 +1313 1973606
2892 +862 1974468
2893 +1594 1976062
2894 +1448 1977510
2895 +1066 1978576
2896 +953 1979529
2897 +2897 1982426
2898 +655 1983081
2899 +1613 1984694
2900 +754 1985448
2901 +1452 1986900
2902 +1452 1988352
2903 +2903 1991255
2904 +614 1991869
2905 +1100 1992969
2906 +1454 1994423
2907 +931 1995354
2908 +1213 1996567
2909 +2909 1999476
2910 +741 2000217
2911 +1830 2002047
2912 +678 2002725
2913 +1458 2004183
2914 +1036 2005219
2915 +1148 2006367
2916 +651 2007018
2917 +2917 2009935
2918 +1460 2011395
2919 +1058 2012453
2920 +759 2013212
2921 +1687 2014899
2922 +1073 2015972
2923 +1804 2017776
2924 +874 2018650
2925 +760 2019410
2926 +752 2020162
2927 +2927 2023089
2928 +681 2023770
2929 +1745 2025515
2930 +1046 2026561
2931 +1467 2028028
2932 +1223 2029251
2933 +1554 2030805
2934 +879 2031684
2935 +1519 2033203
2936 +1062 2034265
2937 +1056 2035321
2938 +1026 2036347
2939 +2939 2039286
2940 +539 2039825
2941 +1660 2041485
2942 +1472 2042957
2943 +1070 2044027
2944 +782 2044809
2945 +1105 2045914
2946 +1082 2046996
2947 +1561 2048557
2948 +882 2049439
2949 +1476 2050915
2950 +886 2051801
2951 +1639 2053440
2952 +633 2054073
2953 +2953 2057026
2954 +1038 2058064
2955 +1091 2059155
2956 +1233 2060388
2957 +2957 2063345
2958 +776 2064121
2959 +1630 2065751
2960 +709 2066460
2961 +879 2067339
2962 +1482 2068821
2963 +2963 2071784
2964 +664 2072448
2965 +1535 2073983
2966 +1484 2075467
2967 +1078 2076545
2968 +785 2077330
2969 +2969 2080299
2970 +582 2080881
2971 +2971 2083852
2972 +1240 2085092
2973 +1488 2086580
2974 +1488 2088068
2975 +947 2089015
2976 +652 2089667
2977 +1652 2091319
2978 +1490 2092809
2979 +1241 2094050
2980 +902 2094952
2981 +1641 2096593
2982 +781 2097374
2983 +1685 2099059
2984 +1080 2100139
2985 +1099 2101238
2986 +1494 2102732
2987 +1765 2104497
2988 +720 2105217
2989 +1353 2106570
2990 +780 2107350
2991 +1497 2108847
2992 +729 2109576
2993 +1867 2111443
2994 +1100 2112543
2995 +1550 2114093
2996 +912 2115005
2997 +991 2115996
2998 +1500 2117496
2999 +2999 2120495
3000 +568 2121063
